NAME : single
TYPE : ATSP
DIMENSION : 15
EDGE_WEIGHT_TYPE : EXPLICIT
EDGE_WEIGHT_FORMAT : FULL_MATRIX
EDGE_WEIGHT_SECTION
0 520 469 235 98 313 407 209 402 382 283 381 449 369 312 
0 0 150 184 278 165 251 286 393 388 287 411 420 362 304 
0 150 0 115 170 155 204 162 390 353 262 372 405 343 292 
0 184 115 0 136 111 154 128 291 312 246 309 272 233 166 
0 278 170 136 0 207 203 61 300 274 197 265 323 273 296 
0 165 155 111 207 0 137 198 267 351 309 369 246 233 151 
0 251 204 154 203 137 0 139 261 435 456 661 254 227 233 
0 286 162 128 61 198 139 0 295 291 249 309 283 251 295 
0 393 390 291 300 267 261 295 0 468 405 514 84 46 155 
0 388 353 312 274 351 435 291 468 0 231 255 576 507 503 
0 287 262 246 197 309 456 249 405 231 0 112 436 360 304 
0 411 372 309 265 369 661 309 514 255 112 0 565 506 478 
0 420 405 272 323 246 254 283 84 576 436 565 0 73 134 
0 362 343 233 273 233 227 251 46 507 360 506 73 0 109 
0 304 292 166 296 151 233 295 155 503 304 478 134 109 0 
EOF